------------------------------
[7, 8, 0] [4, 0, 0] [1, 2, 0]
[6, 0, 0] [0, 7, 5] [0, 0, 9]
[0, 0, 0] [6, 0, 1] [0, 7, 8]
------------------------------
[0, 0, 7] [0, 4, 0] [2, 6, 0]
[0, 0, 1] [0, 5, 0] [9, 3, 0]
[9, 0, 4] [0, 6, 0] [0, 0, 5]
------------------------------
[0, 7, 0] [3, 0, 0] [0, 1, 2]
[1, 2, 0] [0, 0, 7] [4, 0, 0]
[0, 4, 9] [2, 0, 6] [0, 0, 7]
------------------------------
VMR [(1, 3), (1, 6), (1, 7), (3, 8), (4, 1), (4, 8), (5, 1), (5, 7)]
VLR ((1, 7), 4)
------------------------------
[7, 8, 0] [4, 0, 0] [1, 2, 0]
[6, 0, 0] [0, 7, 5] [0, 4, 9]
[0, 0, 0] [6, 0, 1] [0, 7, 8]
------------------------------
[0, 0, 7] [0, 4, 0] [2, 6, 0]
[0, 0, 1] [0, 5, 0] [9, 3, 0]
[9, 0, 4] [0, 6, 0] [0, 0, 5]
------------------------------
[0, 7, 0] [3, 0, 0] [0, 1, 2]
[1, 2, 0] [0, 0, 7] [4, 0, 0]
[0, 4, 9] [2, 0, 6] [0, 0, 7]
------------------------------
VMR [(1, 3), (1, 6), (3, 8), (4, 1), (4, 8), (5, 1), (5, 7)]
VLR ((4, 1), 6)
------------------------------
[7, 8, 0] [4, 0, 0] [1, 2, 0]
[6, 0, 0] [0, 7, 5] [0, 4, 9]
[0, 0, 0] [6, 0, 1] [0, 7, 8]
------------------------------
[0, 0, 7] [0, 4, 0] [2, 6, 0]
[0, 6, 1] [0, 5, 0] [9, 3, 0]
[9, 0, 4] [0, 6, 0] [0, 0, 5]
------------------------------
[0, 7, 0] [3, 0, 0] [0, 1, 2]
[1, 2, 0] [0, 0, 7] [4, 0, 0]
[0, 4, 9] [2, 0, 6] [0, 0, 7]
------------------------------
VMR [(1, 3), (1, 6), (3, 8), (4, 8), (5, 1), (5, 7)]
VLR ((4, 8), 4)
------------------------------
[7, 8, 0] [4, 0, 0] [1, 2, 0]
[6, 0, 0] [0, 7, 5] [0, 4, 9]
[0, 0, 0] [6, 0, 1] [0, 7, 8]
------------------------------
[0, 0, 7] [0, 4, 0] [2, 6, 0]
[0, 6, 1] [0, 5, 0] [9, 3, 4]
[9, 0, 4] [0, 6, 0] [0, 0, 5]
------------------------------
[0, 7, 0] [3, 0, 0] [0, 1, 2]
[1, 2, 0] [0, 0, 7] [4, 0, 0]
[0, 4, 9] [2, 0, 6] [0, 0, 7]
------------------------------
VMR [(1, 3), (1, 6), (3, 8), (5, 1), (5, 7)]
VLR ((3, 8), 1)
------------------------------
[7, 8, 0] [4, 0, 0] [1, 2, 0]
[6, 0, 0] [0, 7, 5] [0, 4, 9]
[0, 0, 0] [6, 0, 1] [0, 7, 8]
------------------------------
[0, 0, 7] [0, 4, 0] [2, 6, 1]
[0, 6, 1] [0, 5, 0] [9, 3, 4]
[9, 0, 4] [0, 6, 0] [0, 0, 5]
------------------------------
[0, 7, 0] [3, 0, 0] [0, 1, 2]
[1, 2, 0] [0, 0, 7] [4, 0, 0]
[0, 4, 9] [2, 0, 6] [0, 0, 7]
------------------------------
VMR [(1, 3), (1, 6), (5, 1), (5, 7)]
VLR ((1, 3), 8)
------------------------------
[7, 8, 0] [4, 0, 0] [1, 2, 0]
[6, 0, 0] [8, 7, 5] [0, 4, 9]
[0, 0, 0] [6, 0, 1] [0, 7, 8]
------------------------------
[0, 0, 7] [0, 4, 0] [2, 6, 1]
[0, 6, 1] [0, 5, 0] [9, 3, 4]
[9, 0, 4] [0, 6, 0] [0, 0, 5]
------------------------------
[0, 7, 0] [3, 0, 0] [0, 1, 2]
[1, 2, 0] [0, 0, 7] [4, 0, 0]
[0, 4, 9] [2, 0, 6] [0, 0, 7]
------------------------------
VMR [(1, 6), (3, 3), (4, 3), (5, 1), (5, 7)]
VLR ((4, 3), 7)
------------------------------
[7, 8, 0] [4, 0, 0] [1, 2, 0]
[6, 0, 0] [8, 7, 5] [0, 4, 9]
[0, 0, 0] [6, 0, 1] [0, 7, 8]
------------------------------
[0, 0, 7] [0, 4, 0] [2, 6, 1]
[0, 6, 1] [7, 5, 0] [9, 3, 4]
[9, 0, 4] [0, 6, 0] [0, 0, 5]
------------------------------
[0, 7, 0] [3, 0, 0] [0, 1, 2]
[1, 2, 0] [0, 0, 7] [4, 0, 0]
[0, 4, 9] [2, 0, 6] [0, 0, 7]
------------------------------
VMR [(1, 6), (3, 3), (5, 1), (5, 3), (5, 7)]
VLR ((5, 3), 1)
------------------------------
[7, 8, 0] [4, 0, 0] [1, 2, 0]
[6, 0, 0] [8, 7, 5] [0, 4, 9]
[0, 0, 0] [6, 0, 1] [0, 7, 8]
------------------------------
[0, 0, 7] [0, 4, 0] [2, 6, 1]
[0, 6, 1] [7, 5, 0] [9, 3, 4]
[9, 0, 4] [1, 6, 0] [0, 0, 5]
------------------------------
[0, 7, 0] [3, 0, 0] [0, 1, 2]
[1, 2, 0] [0, 0, 7] [4, 0, 0]
[0, 4, 9] [2, 0, 6] [0, 0, 7]
------------------------------
VMR [(1, 6), (3, 3), (5, 1), (5, 7)]
VLR ((3, 3), 9)
------------------------------
[7, 8, 0] [4, 0, 0] [1, 2, 0]
[6, 0, 0] [8, 7, 5] [0, 4, 9]
[0, 0, 0] [6, 0, 1] [0, 7, 8]
------------------------------
[0, 0, 7] [9, 4, 0] [2, 6, 1]
[0, 6, 1] [7, 5, 0] [9, 3, 4]
[9, 0, 4] [1, 6, 0] [0, 0, 5]
------------------------------
[0, 7, 0] [3, 0, 0] [0, 1, 2]
[1, 2, 0] [0, 0, 7] [4, 0, 0]
[0, 4, 9] [2, 0, 6] [0, 0, 7]
------------------------------
VMR [(1, 6), (5, 1), (5, 7), (7, 3)]
VLR ((5, 7), 8)
------------------------------
[7, 8, 0] [4, 0, 0] [1, 2, 0]
[6, 0, 0] [8, 7, 5] [0, 4, 9]
[0, 0, 0] [6, 0, 1] [0, 7, 8]
------------------------------
[0, 0, 7] [9, 4, 0] [2, 6, 1]
[0, 6, 1] [7, 5, 0] [9, 3, 4]
[9, 0, 4] [1, 6, 0] [0, 8, 5]
------------------------------
[0, 7, 0] [3, 0, 0] [0, 1, 2]
[1, 2, 0] [0, 0, 7] [4, 0, 0]
[0, 4, 9] [2, 0, 6] [0, 0, 7]
------------------------------
VMR [(1, 6), (5, 1), (5, 6), (7, 3), (8, 7)]
VLR ((5, 6), 7)
------------------------------
[7, 8, 0] [4, 0, 0] [1, 2, 0]
[6, 0, 0] [8, 7, 5] [0, 4, 9]
[0, 0, 0] [6, 0, 1] [0, 7, 8]
------------------------------
[0, 0, 7] [9, 4, 0] [2, 6, 1]
[0, 6, 1] [7, 5, 0] [9, 3, 4]
[9, 0, 4] [1, 6, 0] [7, 8, 5]
------------------------------
[0, 7, 0] [3, 0, 0] [0, 1, 2]
[1, 2, 0] [0, 0, 7] [4, 0, 0]
[0, 4, 9] [2, 0, 6] [0, 0, 7]
------------------------------
VMR [(1, 6), (5, 1), (7, 3), (8, 7)]
VLR ((8, 7), 5)
------------------------------
[7, 8, 0] [4, 0, 0] [1, 2, 0]
[6, 0, 0] [8, 7, 5] [0, 4, 9]
[0, 0, 0] [6, 0, 1] [0, 7, 8]
------------------------------
[0, 0, 7] [9, 4, 0] [2, 6, 1]
[0, 6, 1] [7, 5, 0] [9, 3, 4]
[9, 0, 4] [1, 6, 0] [7, 8, 5]
------------------------------
[0, 7, 0] [3, 0, 0] [0, 1, 2]
[1, 2, 0] [0, 0, 7] [4, 0, 0]
[0, 4, 9] [2, 0, 6] [0, 5, 7]
------------------------------
VMR [(1, 6), (5, 1), (7, 3), (7, 7)]
VLR ((7, 7), 9)
------------------------------
[7, 8, 0] [4, 0, 0] [1, 2, 0]
[6, 0, 0] [8, 7, 5] [0, 4, 9]
[0, 0, 0] [6, 0, 1] [0, 7, 8]
------------------------------
[0, 0, 7] [9, 4, 0] [2, 6, 1]
[0, 6, 1] [7, 5, 0] [9, 3, 4]
[9, 0, 4] [1, 6, 0] [7, 8, 5]
------------------------------
[0, 7, 0] [3, 0, 0] [0, 1, 2]
[1, 2, 0] [0, 0, 7] [4, 9, 0]
[0, 4, 9] [2, 0, 6] [0, 5, 7]
------------------------------
VMR [(1, 6), (5, 1), (7, 3), (7, 4)]
VLR ((7, 4), 8)
------------------------------
[7, 8, 0] [4, 0, 0] [1, 2, 0]
[6, 0, 0] [8, 7, 5] [0, 4, 9]
[0, 0, 0] [6, 0, 1] [0, 7, 8]
------------------------------
[0, 0, 7] [9, 4, 0] [2, 6, 1]
[0, 6, 1] [7, 5, 0] [9, 3, 4]
[9, 0, 4] [1, 6, 0] [7, 8, 5]
------------------------------
[0, 7, 0] [3, 0, 0] [0, 1, 2]
[1, 2, 0] [0, 8, 7] [4, 9, 0]
[0, 4, 9] [2, 0, 6] [0, 5, 7]
------------------------------
VMR [(1, 6), (5, 1), (6, 4), (7, 3), (8, 4)]
VLR ((8, 4), 1)
------------------------------
[7, 8, 0] [4, 0, 0] [1, 2, 0]
[6, 0, 0] [8, 7, 5] [0, 4, 9]
[0, 0, 0] [6, 0, 1] [0, 7, 8]
------------------------------
[0, 0, 7] [9, 4, 0] [2, 6, 1]
[0, 6, 1] [7, 5, 0] [9, 3, 4]
[9, 0, 4] [1, 6, 0] [7, 8, 5]
------------------------------
[0, 7, 0] [3, 0, 0] [0, 1, 2]
[1, 2, 0] [0, 8, 7] [4, 9, 0]
[0, 4, 9] [2, 1, 6] [0, 5, 7]
------------------------------
VMR [(1, 6), (5, 1), (6, 4), (7, 3)]
VLR ((6, 4), 9)
------------------------------
[7, 8, 0] [4, 0, 0] [1, 2, 0]
[6, 0, 0] [8, 7, 5] [0, 4, 9]
[0, 0, 0] [6, 0, 1] [0, 7, 8]
------------------------------
[0, 0, 7] [9, 4, 0] [2, 6, 1]
[0, 6, 1] [7, 5, 0] [9, 3, 4]
[9, 0, 4] [1, 6, 0] [7, 8, 5]
------------------------------
[0, 7, 0] [3, 9, 0] [0, 1, 2]
[1, 2, 0] [0, 8, 7] [4, 9, 0]
[0, 4, 9] [2, 1, 6] [0, 5, 7]
------------------------------
VMR [(0, 4), (1, 6), (5, 1), (6, 5), (7, 3)]
VLR ((6, 5), 4)
------------------------------
[7, 8, 0] [4, 0, 0] [1, 2, 0]
[6, 0, 0] [8, 7, 5] [0, 4, 9]
[0, 0, 0] [6, 0, 1] [0, 7, 8]
------------------------------
[0, 0, 7] [9, 4, 0] [2, 6, 1]
[0, 6, 1] [7, 5, 0] [9, 3, 4]
[9, 0, 4] [1, 6, 0] [7, 8, 5]
------------------------------
[0, 7, 0] [3, 9, 4] [0, 1, 2]
[1, 2, 0] [0, 8, 7] [4, 9, 0]
[0, 4, 9] [2, 1, 6] [0, 5, 7]
------------------------------
VMR [(0, 4), (1, 6), (5, 1), (7, 3)]
VLR ((7, 3), 5)
------------------------------
[7, 8, 0] [4, 0, 0] [1, 2, 0]
[6, 0, 0] [8, 7, 5] [0, 4, 9]
[0, 0, 0] [6, 0, 1] [0, 7, 8]
------------------------------
[0, 0, 7] [9, 4, 0] [2, 6, 1]
[0, 6, 1] [7, 5, 0] [9, 3, 4]
[9, 0, 4] [1, 6, 0] [7, 8, 5]
------------------------------
[0, 7, 0] [3, 9, 4] [0, 1, 2]
[1, 2, 0] [5, 8, 7] [4, 9, 0]
[0, 4, 9] [2, 1, 6] [0, 5, 7]
------------------------------
VMR [(0, 4), (1, 6), (5, 1)]
VLR ((0, 4), 3)
------------------------------
[7, 8, 0] [4, 3, 0] [1, 2, 0]
[6, 0, 0] [8, 7, 5] [0, 4, 9]
[0, 0, 0] [6, 0, 1] [0, 7, 8]
------------------------------
[0, 0, 7] [9, 4, 0] [2, 6, 1]
[0, 6, 1] [7, 5, 0] [9, 3, 4]
[9, 0, 4] [1, 6, 0] [7, 8, 5]
------------------------------
[0, 7, 0] [3, 9, 4] [0, 1, 2]
[1, 2, 0] [5, 8, 7] [4, 9, 0]
[0, 4, 9] [2, 1, 6] [0, 5, 7]
------------------------------
VMR [(0, 2), (0, 5), (0, 8), (1, 6), (2, 4), (5, 1)]
VLR ((0, 5), 9)
------------------------------
[7, 8, 0] [4, 3, 9] [1, 2, 0]
[6, 0, 0] [8, 7, 5] [0, 4, 9]
[0, 0, 0] [6, 0, 1] [0, 7, 8]
------------------------------
[0, 0, 7] [9, 4, 0] [2, 6, 1]
[0, 6, 1] [7, 5, 0] [9, 3, 4]
[9, 0, 4] [1, 6, 0] [7, 8, 5]
------------------------------
[0, 7, 0] [3, 9, 4] [0, 1, 2]
[1, 2, 0] [5, 8, 7] [4, 9, 0]
[0, 4, 9] [2, 1, 6] [0, 5, 7]
------------------------------
VMR [(0, 2), (0, 8), (1, 6), (2, 4), (5, 1)]
VLR ((0, 8), 6)
------------------------------
[7, 8, 0] [4, 3, 9] [1, 2, 6]
[6, 0, 0] [8, 7, 5] [0, 4, 9]
[0, 0, 0] [6, 0, 1] [0, 7, 8]
------------------------------
[0, 0, 7] [9, 4, 0] [2, 6, 1]
[0, 6, 1] [7, 5, 0] [9, 3, 4]
[9, 0, 4] [1, 6, 0] [7, 8, 5]
------------------------------
[0, 7, 0] [3, 9, 4] [0, 1, 2]
[1, 2, 0] [5, 8, 7] [4, 9, 0]
[0, 4, 9] [2, 1, 6] [0, 5, 7]
------------------------------
VMR [(0, 2), (1, 6), (2, 4), (5, 1), (7, 8)]
VLR ((7, 8), 3)
------------------------------
[7, 8, 0] [4, 3, 9] [1, 2, 6]
[6, 0, 0] [8, 7, 5] [0, 4, 9]
[0, 0, 0] [6, 0, 1] [0, 7, 8]
------------------------------
[0, 0, 7] [9, 4, 0] [2, 6, 1]
[0, 6, 1] [7, 5, 0] [9, 3, 4]
[9, 0, 4] [1, 6, 0] [7, 8, 5]
------------------------------
[0, 7, 0] [3, 9, 4] [0, 1, 2]
[1, 2, 0] [5, 8, 7] [4, 9, 3]
[0, 4, 9] [2, 1, 6] [0, 5, 7]
------------------------------
VMR [(0, 2), (1, 6), (2, 4), (5, 1), (7, 2), (8, 6)]
VLR ((7, 2), 6)
------------------------------
[7, 8, 0] [4, 3, 9] [1, 2, 6]
[6, 0, 0] [8, 7, 5] [0, 4, 9]
[0, 0, 0] [6, 0, 1] [0, 7, 8]
------------------------------
[0, 0, 7] [9, 4, 0] [2, 6, 1]
[0, 6, 1] [7, 5, 0] [9, 3, 4]
[9, 0, 4] [1, 6, 0] [7, 8, 5]
------------------------------
[0, 7, 0] [3, 9, 4] [0, 1, 2]
[1, 2, 6] [5, 8, 7] [4, 9, 3]
[0, 4, 9] [2, 1, 6] [0, 5, 7]
------------------------------
VMR [(0, 2), (1, 6), (2, 4), (5, 1), (8, 6)]
VLR ((8, 6), 8)
------------------------------
[7, 8, 0] [4, 3, 9] [1, 2, 6]
[6, 0, 0] [8, 7, 5] [0, 4, 9]
[0, 0, 0] [6, 0, 1] [0, 7, 8]
------------------------------
[0, 0, 7] [9, 4, 0] [2, 6, 1]
[0, 6, 1] [7, 5, 0] [9, 3, 4]
[9, 0, 4] [1, 6, 0] [7, 8, 5]
------------------------------
[0, 7, 0] [3, 9, 4] [0, 1, 2]
[1, 2, 6] [5, 8, 7] [4, 9, 3]
[0, 4, 9] [2, 1, 6] [8, 5, 7]
------------------------------
VMR [(0, 2), (1, 6), (2, 4), (5, 1), (6, 6), (8, 0)]
VLR ((6, 6), 6)
------------------------------
[7, 8, 0] [4, 3, 9] [1, 2, 6]
[6, 0, 0] [8, 7, 5] [0, 4, 9]
[0, 0, 0] [6, 0, 1] [0, 7, 8]
------------------------------
[0, 0, 7] [9, 4, 0] [2, 6, 1]
[0, 6, 1] [7, 5, 0] [9, 3, 4]
[9, 0, 4] [1, 6, 0] [7, 8, 5]
------------------------------
[0, 7, 0] [3, 9, 4] [6, 1, 2]
[1, 2, 6] [5, 8, 7] [4, 9, 3]
[0, 4, 9] [2, 1, 6] [8, 5, 7]
------------------------------
VMR [(0, 2), (1, 6), (2, 4), (5, 1), (8, 0)]
VLR ((2, 4), 2)
------------------------------
[7, 8, 0] [4, 3, 9] [1, 2, 6]
[6, 0, 0] [8, 7, 5] [0, 4, 9]
[0, 0, 0] [6, 2, 1] [0, 7, 8]
------------------------------
[0, 0, 7] [9, 4, 0] [2, 6, 1]
[0, 6, 1] [7, 5, 0] [9, 3, 4]
[9, 0, 4] [1, 6, 0] [7, 8, 5]
------------------------------
[0, 7, 0] [3, 9, 4] [6, 1, 2]
[1, 2, 6] [5, 8, 7] [4, 9, 3]
[0, 4, 9] [2, 1, 6] [8, 5, 7]
------------------------------
VMR [(0, 2), (1, 6), (5, 1), (8, 0)]
VLR ((0, 2), 5)
------------------------------
[7, 8, 5] [4, 3, 9] [1, 2, 6]
[6, 0, 0] [8, 7, 5] [0, 4, 9]
[0, 0, 0] [6, 2, 1] [0, 7, 8]
------------------------------
[0, 0, 7] [9, 4, 0] [2, 6, 1]
[0, 6, 1] [7, 5, 0] [9, 3, 4]
[9, 0, 4] [1, 6, 0] [7, 8, 5]
------------------------------
[0, 7, 0] [3, 9, 4] [6, 1, 2]
[1, 2, 6] [5, 8, 7] [4, 9, 3]
[0, 4, 9] [2, 1, 6] [8, 5, 7]
------------------------------
VMR [(1, 6), (2, 2), (5, 1), (6, 2), (8, 0)]
VLR ((6, 2), 8)
------------------------------
[7, 8, 5] [4, 3, 9] [1, 2, 6]
[6, 0, 0] [8, 7, 5] [0, 4, 9]
[0, 0, 0] [6, 2, 1] [0, 7, 8]
------------------------------
[0, 0, 7] [9, 4, 0] [2, 6, 1]
[0, 6, 1] [7, 5, 0] [9, 3, 4]
[9, 0, 4] [1, 6, 0] [7, 8, 5]
------------------------------
[0, 7, 8] [3, 9, 4] [6, 1, 2]
[1, 2, 6] [5, 8, 7] [4, 9, 3]
[0, 4, 9] [2, 1, 6] [8, 5, 7]
------------------------------
VMR [(1, 6), (2, 2), (5, 1), (6, 0), (8, 0)]
VLR ((6, 0), 5)
------------------------------
[7, 8, 5] [4, 3, 9] [1, 2, 6]
[6, 0, 0] [8, 7, 5] [0, 4, 9]
[0, 0, 0] [6, 2, 1] [0, 7, 8]
------------------------------
[0, 0, 7] [9, 4, 0] [2, 6, 1]
[0, 6, 1] [7, 5, 0] [9, 3, 4]
[9, 0, 4] [1, 6, 0] [7, 8, 5]
------------------------------
[5, 7, 8] [3, 9, 4] [6, 1, 2]
[1, 2, 6] [5, 8, 7] [4, 9, 3]
[0, 4, 9] [2, 1, 6] [8, 5, 7]
------------------------------
VMR [(1, 6), (2, 2), (5, 1), (8, 0)]
VLR ((1, 6), 3)
------------------------------
[7, 8, 5] [4, 3, 9] [1, 2, 6]
[6, 0, 0] [8, 7, 5] [3, 4, 9]
[0, 0, 0] [6, 2, 1] [0, 7, 8]
------------------------------
[0, 0, 7] [9, 4, 0] [2, 6, 1]
[0, 6, 1] [7, 5, 0] [9, 3, 4]
[9, 0, 4] [1, 6, 0] [7, 8, 5]
------------------------------
[5, 7, 8] [3, 9, 4] [6, 1, 2]
[1, 2, 6] [5, 8, 7] [4, 9, 3]
[0, 4, 9] [2, 1, 6] [8, 5, 7]
------------------------------
VMR [(1, 1), (1, 2), (2, 2), (2, 6), (5, 1), (8, 0)]
VLR ((1, 1), 1)
------------------------------
[7, 8, 5] [4, 3, 9] [1, 2, 6]
[6, 1, 0] [8, 7, 5] [3, 4, 9]
[0, 0, 0] [6, 2, 1] [0, 7, 8]
------------------------------
[0, 0, 7] [9, 4, 0] [2, 6, 1]
[0, 6, 1] [7, 5, 0] [9, 3, 4]
[9, 0, 4] [1, 6, 0] [7, 8, 5]
------------------------------
[5, 7, 8] [3, 9, 4] [6, 1, 2]
[1, 2, 6] [5, 8, 7] [4, 9, 3]
[0, 4, 9] [2, 1, 6] [8, 5, 7]
------------------------------
VMR [(1, 2), (2, 2), (2, 6), (5, 1), (8, 0)]
VLR ((1, 2), 2)
------------------------------
[7, 8, 5] [4, 3, 9] [1, 2, 6]
[6, 1, 2] [8, 7, 5] [3, 4, 9]
[0, 0, 0] [6, 2, 1] [0, 7, 8]
------------------------------
[0, 0, 7] [9, 4, 0] [2, 6, 1]
[0, 6, 1] [7, 5, 0] [9, 3, 4]
[9, 0, 4] [1, 6, 0] [7, 8, 5]
------------------------------
[5, 7, 8] [3, 9, 4] [6, 1, 2]
[1, 2, 6] [5, 8, 7] [4, 9, 3]
[0, 4, 9] [2, 1, 6] [8, 5, 7]
------------------------------
VMR [(2, 2), (2, 6), (5, 1), (8, 0)]
VLR ((2, 6), 5)
------------------------------
[7, 8, 5] [4, 3, 9] [1, 2, 6]
[6, 1, 2] [8, 7, 5] [3, 4, 9]
[0, 0, 0] [6, 2, 1] [5, 7, 8]
------------------------------
[0, 0, 7] [9, 4, 0] [2, 6, 1]
[0, 6, 1] [7, 5, 0] [9, 3, 4]
[9, 0, 4] [1, 6, 0] [7, 8, 5]
------------------------------
[5, 7, 8] [3, 9, 4] [6, 1, 2]
[1, 2, 6] [5, 8, 7] [4, 9, 3]
[0, 4, 9] [2, 1, 6] [8, 5, 7]
------------------------------
VMR [(2, 2), (5, 1), (8, 0)]
VLR ((2, 2), 3)
------------------------------
[7, 8, 5] [4, 3, 9] [1, 2, 6]
[6, 1, 2] [8, 7, 5] [3, 4, 9]
[0, 0, 3] [6, 2, 1] [5, 7, 8]
------------------------------
[0, 0, 7] [9, 4, 0] [2, 6, 1]
[0, 6, 1] [7, 5, 0] [9, 3, 4]
[9, 0, 4] [1, 6, 0] [7, 8, 5]
------------------------------
[5, 7, 8] [3, 9, 4] [6, 1, 2]
[1, 2, 6] [5, 8, 7] [4, 9, 3]
[0, 4, 9] [2, 1, 6] [8, 5, 7]
------------------------------
VMR [(2, 0), (2, 1), (5, 1), (8, 0)]
VLR ((2, 0), 4)
------------------------------
[7, 8, 5] [4, 3, 9] [1, 2, 6]
[6, 1, 2] [8, 7, 5] [3, 4, 9]
[4, 0, 3] [6, 2, 1] [5, 7, 8]
------------------------------
[0, 0, 7] [9, 4, 0] [2, 6, 1]
[0, 6, 1] [7, 5, 0] [9, 3, 4]
[9, 0, 4] [1, 6, 0] [7, 8, 5]
------------------------------
[5, 7, 8] [3, 9, 4] [6, 1, 2]
[1, 2, 6] [5, 8, 7] [4, 9, 3]
[0, 4, 9] [2, 1, 6] [8, 5, 7]
------------------------------
VMR [(2, 1), (5, 1), (8, 0)]
VLR ((2, 1), 9)
------------------------------
[7, 8, 5] [4, 3, 9] [1, 2, 6]
[6, 1, 2] [8, 7, 5] [3, 4, 9]
[4, 9, 3] [6, 2, 1] [5, 7, 8]
------------------------------
[0, 0, 7] [9, 4, 0] [2, 6, 1]
[0, 6, 1] [7, 5, 0] [9, 3, 4]
[9, 0, 4] [1, 6, 0] [7, 8, 5]
------------------------------
[5, 7, 8] [3, 9, 4] [6, 1, 2]
[1, 2, 6] [5, 8, 7] [4, 9, 3]
[0, 4, 9] [2, 1, 6] [8, 5, 7]
------------------------------
VMR [(5, 1), (8, 0)]
VLR ((8, 0), 3)
------------------------------
[7, 8, 5] [4, 3, 9] [1, 2, 6]
[6, 1, 2] [8, 7, 5] [3, 4, 9]
[4, 9, 3] [6, 2, 1] [5, 7, 8]
------------------------------
[0, 0, 7] [9, 4, 0] [2, 6, 1]
[0, 6, 1] [7, 5, 0] [9, 3, 4]
[9, 0, 4] [1, 6, 0] [7, 8, 5]
------------------------------
[5, 7, 8] [3, 9, 4] [6, 1, 2]
[1, 2, 6] [5, 8, 7] [4, 9, 3]
[3, 4, 9] [2, 1, 6] [8, 5, 7]
------------------------------
VMR [(3, 0), (5, 1)]
VLR ((3, 0), 8)
------------------------------
[7, 8, 5] [4, 3, 9] [1, 2, 6]
[6, 1, 2] [8, 7, 5] [3, 4, 9]
[4, 9, 3] [6, 2, 1] [5, 7, 8]
------------------------------
[8, 0, 7] [9, 4, 0] [2, 6, 1]
[0, 6, 1] [7, 5, 0] [9, 3, 4]
[9, 0, 4] [1, 6, 0] [7, 8, 5]
------------------------------
[5, 7, 8] [3, 9, 4] [6, 1, 2]
[1, 2, 6] [5, 8, 7] [4, 9, 3]
[3, 4, 9] [2, 1, 6] [8, 5, 7]
------------------------------
VMR [(3, 5), (4, 0), (5, 1)]
VLR ((4, 0), 2)
------------------------------
[7, 8, 5] [4, 3, 9] [1, 2, 6]
[6, 1, 2] [8, 7, 5] [3, 4, 9]
[4, 9, 3] [6, 2, 1] [5, 7, 8]
------------------------------
[8, 0, 7] [9, 4, 0] [2, 6, 1]
[2, 6, 1] [7, 5, 0] [9, 3, 4]
[9, 0, 4] [1, 6, 0] [7, 8, 5]
------------------------------
[5, 7, 8] [3, 9, 4] [6, 1, 2]
[1, 2, 6] [5, 8, 7] [4, 9, 3]
[3, 4, 9] [2, 1, 6] [8, 5, 7]
------------------------------
VMR [(3, 5), (4, 5), (5, 1)]
VLR ((4, 5), 8)
------------------------------
[7, 8, 5] [4, 3, 9] [1, 2, 6]
[6, 1, 2] [8, 7, 5] [3, 4, 9]
[4, 9, 3] [6, 2, 1] [5, 7, 8]
------------------------------
[8, 0, 7] [9, 4, 0] [2, 6, 1]
[2, 6, 1] [7, 5, 8] [9, 3, 4]
[9, 0, 4] [1, 6, 0] [7, 8, 5]
------------------------------
[5, 7, 8] [3, 9, 4] [6, 1, 2]
[1, 2, 6] [5, 8, 7] [4, 9, 3]
[3, 4, 9] [2, 1, 6] [8, 5, 7]
------------------------------
VMR [(3, 5), (5, 1)]
VLR ((3, 5), 3)
------------------------------
[7, 8, 5] [4, 3, 9] [1, 2, 6]
[6, 1, 2] [8, 7, 5] [3, 4, 9]
[4, 9, 3] [6, 2, 1] [5, 7, 8]
------------------------------
[8, 0, 7] [9, 4, 3] [2, 6, 1]
[2, 6, 1] [7, 5, 8] [9, 3, 4]
[9, 0, 4] [1, 6, 0] [7, 8, 5]
------------------------------
[5, 7, 8] [3, 9, 4] [6, 1, 2]
[1, 2, 6] [5, 8, 7] [4, 9, 3]
[3, 4, 9] [2, 1, 6] [8, 5, 7]
------------------------------
VMR [(3, 1), (5, 1), (5, 5)]
VLR ((3, 1), 5)
------------------------------
[7, 8, 5] [4, 3, 9] [1, 2, 6]
[6, 1, 2] [8, 7, 5] [3, 4, 9]
[4, 9, 3] [6, 2, 1] [5, 7, 8]
------------------------------
[8, 5, 7] [9, 4, 3] [2, 6, 1]
[2, 6, 1] [7, 5, 8] [9, 3, 4]
[9, 0, 4] [1, 6, 0] [7, 8, 5]
------------------------------
[5, 7, 8] [3, 9, 4] [6, 1, 2]
[1, 2, 6] [5, 8, 7] [4, 9, 3]
[3, 4, 9] [2, 1, 6] [8, 5, 7]
------------------------------
VMR [(5, 1), (5, 5)]
VLR ((5, 1), 3)
------------------------------
[7, 8, 5] [4, 3, 9] [1, 2, 6]
[6, 1, 2] [8, 7, 5] [3, 4, 9]
[4, 9, 3] [6, 2, 1] [5, 7, 8]
------------------------------
[8, 5, 7] [9, 4, 3] [2, 6, 1]
[2, 6, 1] [7, 5, 8] [9, 3, 4]
[9, 3, 4] [1, 6, 0] [7, 8, 5]
------------------------------
[5, 7, 8] [3, 9, 4] [6, 1, 2]
[1, 2, 6] [5, 8, 7] [4, 9, 3]
[3, 4, 9] [2, 1, 6] [8, 5, 7]
------------------------------
VMR [(5, 5)]
VLR ((5, 5), 2)
------------------------------
[7, 8, 5] [4, 3, 9] [1, 2, 6]
[6, 1, 2] [8, 7, 5] [3, 4, 9]
[4, 9, 3] [6, 2, 1] [5, 7, 8]
------------------------------
[8, 5, 7] [9, 4, 3] [2, 6, 1]
[2, 6, 1] [7, 5, 8] [9, 3, 4]
[9, 3, 4] [1, 6, 2] [7, 8, 5]
------------------------------
[5, 7, 8] [3, 9, 4] [6, 1, 2]
[1, 2, 6] [5, 8, 7] [4, 9, 3]
[3, 4, 9] [2, 1, 6] [8, 5, 7]
------------------------------
